,userID,nprom,prom
0,909804429133545477,0.377315756070575,0.622684243929425
1,757720299039297536,0.023562771687047568,0.9764372283129524
2,2436530293,0.013942881886907288,0.9860571181130927
3,826454880994856961,0.378939596272551,0.621060403727449
4,2559475949,0.06042822833935302,0.939571771660647
5,258408688,0.19458648026070757,0.8054135197392924
6,18481429,0.4425477771741292,0.5574522228258708
7,2525069708,0.1744135636024433,0.8255864363975567
8,393478575,0.4300070841375665,0.5699929158624335
9,2922316422,0.13424728114695916,0.8657527188530408
10,256705218,0.49735517956978226,0.5026448204302177
11,1019479376822296577,0.7292108457557973,0.2707891542442027
12,2596012867,0.9860127161035764,0.013987283896423527
13,22052871,0.5530234138317721,0.4469765861682279
14,741082314,0.4455018454506654,0.5544981545493346
15,970226179419484160,0.8635823381054506,0.13641766189454946
16,540116195,0.778017703759734,0.22198229624026594
17,364348739,0.07376041578297965,0.9262395842170204
18,80938336,0.19857847180590427,0.8014215281940957
19,1584989702,0.01563193235079663,0.9843680676492034
20,726958821537538048,0.015205275052397882,0.9847947249476021
21,185042734,0.22395882599922512,0.7760411740007749
22,225183593,0.23615937650326568,0.7638406234967343
23,625772568,0.3343590432725201,0.6656409567274799
24,1100253368,0.9704407318897524,0.029559268110247592
25,316606693,0.15252478825053728,0.8474752117494627
26,20384034,0.2686058258185563,0.7313941741814437
27,147196399,0.3832454854297549,0.6167545145702451
28,895552795503321088,0.9502698133990861,0.049730186600913856
29,775411119477317632,0.6103019529163228,0.38969804708367717
30,85625706,0.08880101826008513,0.9111989817399149
31,191728580,0.7050285026518207,0.2949714973481793
32,606243818,0.8901979493880261,0.10980205061197386
33,2450426861,0.36554362399587714,0.6344563760041229
34,969310296765534209,0.3889988301522893,0.6110011698477107
35,3292007596,0.3466819185820711,0.6533180814179289
36,17501410,0.6192059082629159,0.3807940917370841
37,14486807,0.019727568830153364,0.9802724311698466
38,15732036,0.35119053382446297,0.648809466175537
39,903173798886703104,0.9537857132056937,0.04621428679430625
40,993771276278816769,0.9863588991012934,0.01364110089870661
41,370413364,0.9334947393651145,0.06650526063488546
42,1012366848208367616,0.8182101643956723,0.18178983560432774
43,280661905,0.7404744274826409,0.25952557251735914
44,498274293,0.3524628172309039,0.6475371827690961
45,3990458423,0.414171879711979,0.585828120288021
46,28119151,0.9353262453263237,0.06467375467367628
47,2289012848,0.5218707261621308,0.4781292738378692
48,2333545067,0.6341347604595025,0.3658652395404976
49,1028920009,0.5273648452365605,0.47263515476343954
50,536777457,0.6103927402186109,0.3896072597813891
51,724590320646774784,0.48208004200209953,0.5179199579979005
52,21959634,0.20983529779573795,0.790164702204262
53,117707753,0.16578840938429595,0.834211590615704
54,333517802,0.5827709186464556,0.4172290813535445
55,280794101,0.36765715714044844,0.6323428428595516
56,174199827,0.46147378558164487,0.5385262144183551
57,566432856,0.5487867081745628,0.4512132918254373
58,41096337,0.8639346390577332,0.13606536094226684
59,885306450746068992,0.9656109701320454,0.0343890298679545
60,15210033,0.015884972512319906,0.9841150274876801
61,4363982422,0.09829999201270334,0.9017000079872967
62,2854917789,0.20266213581602122,0.7973378641839788
63,1546098432,0.3306622854289878,0.6693377145710122
64,119379732,0.31666006117278656,0.6833399388272134
65,377919420,0.5611921717711243,0.4388078282288757
66,2168363070,0.495362213904309,0.504637786095691
67,197105873,0.9985467213309038,0.0014532786690962122
68,741218539,0.6385840300968634,0.3614159699031366
69,86415799,0.69063044475502,0.30936955524498005
70,34675228,0.02165751129874649,0.9783424887012535
71,707569224898715648,0.018181004299679504,0.9818189957003205
72,807196313255366656,0.9651527628407186,0.03484723715928143
73,45652757,0.28802608394203033,0.7119739160579697
74,900814011872272389,0.9955822378614746,0.00441776213852541
75,177249094,0.7650732934798605,0.23492670652013947
76,15604572,0.2968641055371911,0.7031358944628089
77,15145824,0.23409867904731807,0.7659013209526819
78,18062211,0.22899170081125653,0.7710082991887435
79,314874893,0.34771749955592623,0.6522825004440738
80,2474646635,0.45901719557822107,0.5409828044217789
81,1476271358,0.942644343309336,0.057355656690664024
82,135896329,0.40211355719853337,0.5978864428014666
83,3777043996,0.08442965594646001,0.91557034405354
84,1343069790,0.36534401146031936,0.6346559885396806
85,3314097808,0.2665619467902889,0.7334380532097111
86,1327013600,0.5595632301405893,0.44043676985941066
87,1548066600,0.3689592563302154,0.6310407436697846
88,31727537,0.779557709907787,0.22044229009221297
89,448307254,0.29709703556894307,0.7029029644310569
90,2555486467,0.9729278542918294,0.027072145708170632
91,3760922897,0.2604843057065075,0.7395156942934925
92,335684043,0.40356599323907183,0.5964340067609282
93,274112975,0.9641146411035477,0.035885358896452245
94,582361737,0.2738154048913267,0.7261845951086733
95,2811405252,0.3347653310768378,0.6652346689231622
96,4502201308,0.048335220375976706,0.9516647796240233
97,725529688802623489,0.6286988293105037,0.3713011706894963
98,66626908,0.04360344036338526,0.9563965596366147
99,1941218732,0.1500950133348531,0.8499049866651469
100,2491721268,0.777651095236713,0.22234890476328695
101,4506167112,0.82992971002118,0.17007028997882007
102,1691985792,0.33220033916807434,0.6677996608319257
103,933244342789013505,0.9208245780081201,0.07917542199187988
104,403908693,0.6270170316763664,0.3729829683236337
105,3226708201,0.39348285526904947,0.6065171447309505
106,18032879,0.16057093574374226,0.8394290642562577
107,340142589,0.9999242819266204,7.571807337956917e-05
108,870016653773459458,0.6251383573867747,0.3748616426132253
109,431958671,0.01579992073263714,0.9842000792673629
110,2506205860,0.787562782386856,0.21243721761314407
111,290302773,0.9999337345784771,6.626542152289064e-05
112,3092261710,0.8361321985806052,0.1638678014193949
113,944762989768458240,0.9463660770919348,0.05363392290806526
114,215788490,0.6696287209115062,0.3303712790884939
115,119843826,0.3210451822342756,0.6789548177657244
116,18787525,0.7863560986512402,0.21364390134875977
117,72821961,0.5758031194165419,0.42419688058345806
118,1614064867,0.365170530380426,0.634829469619574
119,1086696740,0.21937132573205298,0.780628674267947
120,744921578694049792,0.5422957827083904,0.4577042172916096
121,938978352114761728,0.5953830494994117,0.40461695050058827
122,1406119262,0.3563634816257315,0.6436365183742685
123,54996514,0.29363765121236896,0.706362348787631
124,1514647178,0.6357563338277836,0.3642436661722164
125,614543171,0.3597003281301454,0.6402996718698546
126,745164003639341056,0.44526575759163345,0.5547342424083666
127,2641702995,0.7280197107914844,0.2719802892085156
128,913994141377355777,0.039109867571359924,0.9608901324286401
129,403845474,0.4810470774143615,0.5189529225856385
130,802446740443910144,0.9882228841662251,0.01177711583377497
131,3935154977,0.9056442518433214,0.0943557481566786
132,634369092,0.4613953192342479,0.5386046807657521
133,3364828318,0.9320154689976797,0.0679845310023203
134,2263659882,0.4527423639432161,0.5472576360567839
135,213398899,0.32675985240053795,0.673240147599462
136,872645408668831744,0.8468778224626432,0.15312217753735677
137,1918449097,0.4705167896685938,0.5294832103314062
138,203601717,0.03584843177856223,0.9641515682214378
139,46315401,0.46344458848782877,0.5365554115121712
140,233650345,0.028147945210576397,0.9718520547894236
141,2275490104,0.028766262726697467,0.9712337372733025
142,4107843975,0.275684928799655,0.724315071200345
143,4429953436,0.36041635912533965,0.6395836408746604
144,19476486,0.9931862302613338,0.00681376973866616
145,757663452085256192,0.3036092762658882,0.6963907237341118
146,536328682,0.7766134630483728,0.22338653695162727
147,531315301,0.5828372614631149,0.4171627385368851
148,758314002657136641,0.3676383266268335,0.6323616733731665
149,1489821,0.01438696337491574,0.9856130366250843
150,2249374626,0.4389642868161481,0.5610357131838519
151,123026423,0.026521077993584607,0.9734789220064154
152,879366493405937664,0.037389930615640554,0.9626100693843594
153,803378029967933442,0.3443883332023574,0.6556116667976426
154,3093281804,0.9761910265378416,0.023808973462158326
155,3355229608,0.6928141673568813,0.3071858326431187
156,162282961,0.203458801390915,0.796541198609085
157,369311281,0.2969768619128548,0.7030231380871452
158,241418006,0.45835917396745773,0.5416408260325423
159,26853151,0.30665958180678965,0.6933404181932104
160,4195532714,0.42946959371930693,0.5705304062806931
161,3301720163,0.40003237096279975,0.5999676290372002
162,14860428,0.2219463053991959,0.7780536946008041
163,812269908,0.25896186506462304,0.741038134935377
164,1390985563,0.016391088595352987,0.983608911404647
165,2229092708,0.49541919489679287,0.5045808051032071
166,2178204114,0.6909006115163664,0.3090993884836336
167,2173157935,0.5780415406850483,0.4219584593149517
168,3105669706,0.2368366250930133,0.7631633749069867
169,474497713,0.5686688659244472,0.4313311340755528
170,141148895,0.9351427974140688,0.06485720258593121
171,537936795,0.9828186548347653,0.01718134516523473
172,106447900,0.8681634617480484,0.13183653825195163
173,36226144,0.9999973318856764,2.668114323540158e-06
174,956427572748824576,0.9143529696401834,0.08564703035981655
175,30950793,0.020807935999661575,0.9791920640003384
176,929875435080515584,0.707215492539671,0.292784507460329
177,17221422,0.8407403830039893,0.15925961699601068
178,79415162,0.951703969785626,0.04829603021437405
179,9783422,0.9022590404674407,0.09774095953255937
180,2851653922,0.5475287218265539,0.45247127817344607
181,1266364423,0.7206094413261517,0.27939055867384827
182,34097682,0.21447806290882943,0.7855219370911706
183,19516142,0.0447170166425046,0.9552829833574954
184,2263796539,0.5066118455338354,0.4933881544661646
185,22695157,0.9721506476014224,0.027849352398577568
186,34262462,0.9999994143461381,5.856538617988765e-07
187,48778803,0.27028315108521417,0.7297168489147858
188,2182205055,0.9705879223980726,0.029412077601927485
189,2218512020,0.3031571849449535,0.6968428150550465
190,1662209748,0.7850344574373782,0.21496554256262182
191,157011694,0.3373261435557555,0.6626738564442445
192,24203000,0.3868752744348182,0.6131247255651818
193,904220588,0.8267467156327677,0.17325328436723228
194,32100406,0.5178603455654782,0.4821396544345218
195,67653749,0.9999612618176983,3.873818230168038e-05
196,17223875,0.2764439343179197,0.7235560656820803
197,705146173955264512,0.9997323477834272,0.00026765221657274
198,1469600245,0.11027619967513003,0.88972380032487
199,552161863,0.14815869829049155,0.8518413017095084
200,18928297,0.46512743881891494,0.5348725611810851
201,272192323,0.01100607563646705,0.988993924363533
202,3246544066,0.371419299350358,0.628580700649642
203,234083542,0.5024951235441398,0.49750487645586017
204,313972094,0.5351460907127956,0.4648539092872043
205,28104354,0.9999948534080817,5.146591918326845e-06
206,2469320490,0.550512316720724,0.4494876832792761
207,2878756653,0.042129858834341394,0.9578701411656586
208,977598799098122241,0.3439890980693213,0.6560109019306787
209,38197731,0.5870853993931519,0.41291460060684815
210,17750752,0.7504822024037622,0.24951779759623782
211,763397995589201920,0.3147262961260574,0.6852737038739426
212,3428834122,0.35929178168788634,0.6407082183121137
213,61201225,0.527114413628832,0.47288558637116795
214,3090144170,0.9464815738237928,0.05351842617620721
215,96230455,0.29641064995623434,0.7035893500437657
216,2253544608,0.8515041929363516,0.14849580706364837
217,865734317112254464,0.3486127196631723,0.6513872803368277
218,871530233836576768,0.1853317953759519,0.8146682046240481
219,890574000405061633,0.9224725029163596,0.07752749708364037
220,302177690,0.3820591917970003,0.6179408082029997
221,1325161927,0.4696795760525191,0.5303204239474809
222,266853965,0.4704830197315867,0.5295169802684133
223,2589777516,0.255345006625592,0.744654993374408
224,1004178603238715392,0.3631999184271555,0.6368000815728445
225,22962054,0.8168299778948455,0.18317002210515454
226,75653018,0.927075737761407,0.07292426223859304
227,2195284032,0.5409426285234982,0.4590573714765019
228,3222921301,0.6905279876391957,0.3094720123608043
229,876699942,0.7039348744983194,0.29606512550168057
230,634642731,0.6707514674751238,0.3292485325248762
231,857589911511281664,0.8333420412591609,0.16665795874083908
232,2718785920,0.9447303171319135,0.05526968286808648
233,15720918,0.9737828307162817,0.026217169283718363
234,56254987,0.925888138054255,0.07411186194574503
235,25649826,0.5045319412078761,0.49546805879212386
236,1420157628,0.2798559080777968,0.7201440919222032
237,83256018,0.2560134634147032,0.7439865365852968
238,95806273,0.3419723663919084,0.6580276336080916
239,793548857443512324,0.2428311485221386,0.7571688514778614
240,3021398981,0.020592231660224503,0.9794077683397755
241,256205816,0.36277595422721487,0.6372240457727851
242,1002660286204030976,0.5259169538086899,0.47408304619131014
243,3723814217,0.894953169804698,0.10504683019530199
244,137553396,0.912636384742936,0.08736361525706408
245,195552835,0.05810205858106887,0.9418979414189311
246,305096557,0.47034099751391645,0.5296590024860836
247,811224591536361472,0.5526389368225734,0.44736106317742663
248,4099926287,0.7468318479976421,0.2531681520023579
249,2917001604,0.10783109391425283,0.8921689060857472
250,805247491608313856,0.15648239052115165,0.8435176094788484
251,359951107,0.39705674376319877,0.6029432562368012
252,993631153264488453,0.4185251331440133,0.5814748668559867
253,748383512,0.6771511556041867,0.32284884439581335
254,614854059,0.07571784032636297,0.924282159673637
255,2259643848,0.5292018481950054,0.4707981518049947
256,898627210659086336,3.513339992267106e-07,0.9999996486660008
257,4130303716,0.040527091874954735,0.9594729081250453
258,1269821353,0.7380470374449621,0.2619529625550379
259,1093464132,0.6066601743472844,0.39333982565271564
260,728579696108179456,0.530227611886198,0.46977238811380195
261,1008014383450951680,0.8492072347827675,0.15079276521723245
262,827236804239560704,0.3853385504426745,0.6146614495573255
263,715236188437614596,0.5860933504806287,0.4139066495193713
264,3119313208,0.9482318418805644,0.051768158119435574
265,95744442,0.5558862195505576,0.44411378044944244
266,43250158,0.01609895041139231,0.9839010495886077
267,837693977398755328,0.3566749226649608,0.6433250773350392
268,822102849903542277,0.1275388942060457,0.8724611057939543
269,1523511859,0.027631364376260237,0.9723686356237398
270,3003937517,0.02235361565453131,0.9776463843454687
271,28740748,0.9881017958612087,0.011898204138791321
272,38531995,0.42174116875768863,0.5782588312423114
273,409695307,0.29016737888557864,0.7098326211144214
274,701483853831995392,0.3960967785819983,0.6039032214180017
275,2218390826,0.01990422006737369,0.9800957799326263
276,34796886,0.20915984337510307,0.7908401566248969
277,727587432590393345,0.933303637463328,0.06669636253667204
278,369686073,0.2588070102341934,0.7411929897658066
279,60389231,0.08691314605535283,0.9130868539446472
280,2866345852,0.17729327267690942,0.8227067273230906
281,809934925163991040,0.8654978816729821,0.1345021183270179
282,392198274,0.2714776783519426,0.7285223216480574
283,822748394577793025,0.21724281704704174,0.7827571829529583
284,2517530803,0.28859307520848165,0.7114069247915183
285,2771417295,0.6598393790496743,0.34016062095032573
286,1121253805,0.4581271333184793,0.5418728666815207
287,18905529,0.5897128689269422,0.41028713107305786
288,882656374487994369,0.03690414829902455,0.9630958517009754
289,267516550,0.16498601052316875,0.8350139894768313
290,2906847960,0.16283851680529038,0.8371614831947096
291,2993781510,0.4624198826653666,0.5375801173346334
292,1101298442,0.25535046694490915,0.7446495330550909
293,329153422,0.3710683619494257,0.6289316380505743
294,962394257456795648,0.03167979381325936,0.9683202061867406
295,150633655,0.6124133612929379,0.3875866387070621
296,582319801,0.026708246972579675,0.9732917530274203
297,3094675310,0.9998420961487673,0.00015790385123276346
298,224886668,0.8111091884447486,0.18889081155525145
299,606797793,0.11822212280623134,0.8817778771937687
